Seed
3017752521
2111980698
3173701217
510944283
276108407
2417443862
2919382807
1767382548
3888635905
2416404318
157820222
3000561311
1381034046
3770179800
2704992986
571446590
3855300647
2886639788
2311026506
3302736744
1350838474
3187320113
3281823385
3354150414
2171925774
