Seed
3153713750
1178056829
1360669752
2787551165
3530866159
1294306358
1912685794
2765923190
1521610576
3308181700
3781038670
1149482723
3716777366
826824178
1454340585
2241140609
1919066943
1856476952
75714279
3020137535
3628089143
3734910337
3639040623
104337496
1498429042
