Seed
3221149587
1337802670
3782860828
2320510220
2107174180
1203592947
2157564514
3141496096
1837740452
2271420820
4263164086
764861415
1168001821
1911538548
3485154734
2820520397
991161450
22412732
1235555219
924336074
1735001801
884710271
3778191474
570999752
4082818250
