Seed
3023072636
1966881773
1400633117
3381839207
662518242
345422388
3168940293
3938832328
3318060806
520097083
805261641
3510273745
3105930345
3427495846
3082278985
2564569853
257766098
416532672
1598949083
2166144677
3190666044
2382813059
2936607390
112581606
248693704
