Seed
2577298877
3413508684
142071161
1892849706
3509446135
775575114
3774990484
3904198012
3558499379
1027369766
3014326466
1766739593
1492141900
902758869
1161044513
3441092119
4285239863
649034109
3469187769
1220570355
3293279475
1728270956
3946363913
2171274678
3229707692
