Seed
2435408755
526756974
594719004
50025482
311481309
994470707
3358959187
4059499667
1111789342
271751546
887854163
3983726838
4225742698
691612451
4257995261
1418852514
2167271394
1002849013
4185749321
1348227657
1759693648
1589850636
3222520186
1948488248
2381517397
